# unix_time, cycles_done, cur_path, paths_total, pending_total, pending_favs, map_size, unique_crashes, unique_hangs, max_depth, execs_per_sec
1569442078, 0, 0, 1, 1, 1, 0.17%, 0, 0, 1, 1600.00
1569442083, 0, 0, 25, 25, 1, 0.18%, 0, 0, 2, 3141.99
1569442088, 0, 0, 27, 27, 1, 0.18%, 0, 0, 2, 3510.02
1569442093, 0, 0, 28, 28, 1, 0.18%, 0, 0, 2, 3575.13
1569442098, 0, 0, 30, 30, 1, 0.18%, 0, 0, 2, 3578.62
1569442114, 0, 0, 84, 84, 1, 0.18%, 6, 0, 2, 3611.76
1569442119, 0, 0, 99, 99, 1, 0.19%, 15, 0, 2, 3629.70
1569442124, 0, 26, 99, 98, 5, 0.19%, 16, 0, 2, 3600.67
1569442160, 0, 26, 104, 103, 5, 0.19%, 16, 0, 3, 3403.91
1569442165, 0, 26, 106, 105, 5, 0.19%, 16, 0, 3, 3264.68
1569442170, 0, 30, 106, 104, 5, 0.19%, 16, 0, 3, 3833.24
1569442180, 0, 30, 113, 111, 5, 0.19%, 16, 0, 3, 4149.37
1569442185, 0, 30, 117, 115, 5, 0.19%, 16, 0, 3, 4098.41
1569442190, 0, 54, 118, 115, 5, 0.19%, 16, 0, 3, 4178.08
1569442201, 0, 54, 128, 125, 5, 0.19%, 16, 0, 3, 4149.93
1569442206, 0, 93, 128, 124, 7, 0.19%, 16, 0, 3, 4066.91
1569442231, 0, 99, 128, 123, 6, 0.19%, 16, 0, 3, 3882.85
1569442252, 0, 112, 128, 122, 5, 0.19%, 16, 0, 3, 4171.24
1569442257, 0, 118, 128, 121, 5, 0.19%, 16, 0, 3, 4351.16
1569442262, 0, 124, 128, 118, 3, 0.19%, 16, 0, 3, 4355.80
1569442267, 1, 1, 128, 115, 0, 0.19%, 17, 0, 3, 4083.16
1569442303, 1, 4, 128, 114, 0, 0.19%, 17, 0, 3, 3633.50
1569442339, 1, 5, 128, 113, 0, 0.19%, 17, 0, 3, 3647.93
1569442370, 1, 14, 128, 112, 0, 0.19%, 17, 0, 3, 3698.42
1569442396, 1, 15, 128, 111, 0, 0.19%, 17, 0, 3, 4391.72
1569442421, 1, 24, 128, 110, 0, 0.19%, 17, 0, 3, 4330.51
1569442447, 1, 29, 128, 109, 0, 0.19%, 17, 0, 3, 4313.26
1569442472, 1, 36, 128, 108, 0, 0.19%, 17, 0, 3, 4480.12
1569442488, 1, 39, 128, 107, 0, 0.19%, 17, 0, 3, 4538.61
1569442508, 1, 41, 128, 106, 0, 0.19%, 17, 0, 3, 4479.40
1569442529, 1, 50, 128, 105, 0, 0.19%, 17, 0, 3, 4428.88
1569442559, 1, 52, 128, 104, 0, 0.19%, 17, 0, 3, 4673.29
1569442575, 1, 53, 128, 103, 0, 0.19%, 17, 0, 3, 4785.67
1569442585, 1, 56, 128, 102, 0, 0.19%, 17, 0, 3, 4863.03
1569442600, 1, 62, 128, 101, 0, 0.19%, 17, 0, 3, 4933.45
1569442610, 1, 63, 128, 100, 0, 0.19%, 17, 0, 3, 4835.38
1569442626, 1, 64, 128, 99, 0, 0.19%, 17, 0, 3, 3574.73
1569442651, 1, 67, 128, 98, 0, 0.19%, 17, 0, 3, 4526.42
1569442667, 1, 70, 129, 98, 0, 0.19%, 17, 0, 3, 4891.89
1569442677, 1, 77, 129, 97, 0, 0.19%, 17, 0, 3, 4909.08
1569442687, 1, 87, 129, 96, 0, 0.19%, 17, 0, 3, 4964.35
1569442692, 1, 89, 129, 95, 0, 0.19%, 17, 0, 3, 4808.87
1569442713, 1, 90, 133, 98, 0, 0.19%, 17, 0, 3, 4729.93
1569442723, 1, 91, 133, 97, 0, 0.19%, 17, 0, 3, 4885.15
1569442758, 1, 96, 133, 96, 0, 0.19%, 17, 0, 3, 4715.71
1569442768, 1, 110, 133, 95, 0, 0.19%, 17, 0, 3, 5108.58
1569442773, 1, 117, 133, 93, 0, 0.19%, 17, 0, 3, 5176.10
1569442789, 1, 122, 133, 91, 0, 0.19%, 17, 0, 3, 5099.23
1569442794, 1, 131, 133, 91, 0, 0.19%, 17, 0, 3, 4818.01
1569442814, 2, 6, 134, 91, 0, 0.19%, 17, 0, 4, 4512.91
1569442845, 2, 6, 143, 100, 0, 0.19%, 17, 0, 4, 4367.26
1569442850, 2, 6, 148, 105, 0, 0.19%, 17, 0, 4, 4476.44
1569442855, 2, 147, 148, 104, 1, 0.19%, 18, 0, 4, 2461.29
1569442860, 2, 147, 149, 105, 1, 0.19%, 18, 0, 4, 1753.33
1569443205, 2, 147, 150, 106, 1, 0.19%, 18, 0, 4, 1590.79
1569443925, 2, 147, 153, 109, 1, 0.19%, 19, 0, 4, 1625.45
1569443930, 2, 149, 153, 108, 2, 0.19%, 19, 0, 4, 1586.72
1569445041, 2, 152, 153, 107, 1, 0.19%, 19, 0, 4, 1583.46
1569446084, 3, 2, 153, 106, 0, 0.19%, 19, 0, 4, 2467.55
1569446120, 3, 3, 153, 105, 0, 0.19%, 19, 0, 4, 4266.50
1569446161, 3, 8, 153, 104, 0, 0.19%, 19, 0, 4, 4207.88
1569446197, 3, 10, 153, 103, 0, 0.19%, 19, 0, 4, 4388.87
1569446222, 3, 12, 153, 102, 0, 0.19%, 19, 0, 4, 4342.83
1569446258, 3, 13, 153, 101, 0, 0.19%, 19, 0, 4, 4285.35
1569446294, 3, 16, 153, 100, 0, 0.19%, 19, 0, 4, 4255.38
1569446330, 3, 25, 153, 99, 0, 0.19%, 19, 0, 4, 4276.88
1569446360, 3, 28, 153, 98, 0, 0.19%, 19, 0, 4, 4312.46
1569446396, 3, 49, 153, 97, 0, 0.19%, 19, 0, 4, 4587.15
1569446417, 3, 59, 153, 96, 0, 0.19%, 19, 0, 4, 4857.87
1569446422, 3, 60, 153, 95, 0, 0.19%, 19, 0, 4, 4962.95
1569446437, 3, 61, 153, 94, 0, 0.19%, 19, 0, 4, 5020.75
1569446447, 3, 65, 153, 93, 0, 0.19%, 19, 0, 4, 5014.92
1569446457, 3, 76, 153, 92, 0, 0.19%, 19, 0, 4, 4706.56
1569446478, 3, 84, 153, 91, 0, 0.19%, 19, 0, 4, 4656.75
1569446488, 3, 88, 153, 90, 0, 0.19%, 19, 0, 4, 5078.01
1569446493, 3, 101, 153, 89, 0, 0.19%, 19, 0, 4, 4771.82
1569446529, 3, 106, 153, 87, 0, 0.19%, 19, 0, 4, 4975.96
1569446534, 3, 108, 153, 86, 0, 0.19%, 19, 0, 4, 5131.53
1569446539, 3, 109, 153, 85, 0, 0.19%, 19, 0, 4, 5208.14
1569446549, 3, 114, 153, 84, 0, 0.19%, 19, 0, 4, 5097.68
1569446559, 3, 130, 154, 84, 0, 0.19%, 19, 0, 4, 4663.62
1569446590, 3, 130, 155, 85, 0, 0.19%, 19, 0, 4, 4271.09
1569446595, 3, 132, 155, 84, 0, 0.19%, 19, 0, 4, 4546.08
1569446621, 3, 148, 155, 83, 0, 0.19%, 19, 0, 4, 2784.84
1569447809, 4, 9, 155, 82, 0, 0.19%, 19, 0, 4, 2772.43
